0.7965014444342583      0.5348259087906319
0.21390736309906067      0.5046308554706828
0.413991246482625      0.12751213052461896
0.6374953118291      0.1855792498582598
0.3140889156357026      0.2651364288142343
0.19076312859210584      0.5744106511222662
0.8449299236698627      0.6920570618170734
0.13144103341020513      0.7780349406933011
0.7466889402761397      0.39787751057639953
0.5463116038208029      0.10080253170305571
0.3759301379976583      0.16802776813042697
0.3425480094952096      0.21563746079017265
0.39044064821982993      0.1508513177056704
0.571591809396749      0.11587127680253743
0.5506002285160293      0.10290305509579993
0.3372151669956228      0.22428847875383928
0.20174162757454886      0.5406342946758045
0.6433670003069474      0.19392363802562967
0.33157302909850983      0.23375475045742683
0.8075082278307585      0.5684758779567324
0.41190413960244987      0.1293536985288858
0.5480210594406902      0.1016174826950836
0.77830745681499      0.48189303736843436
0.8397577886326081      0.6741321379222086
0.6887500326819002      0.2701953944983425
0.602687130070571      0.14328166690080113
0.6361765882661532      0.18375319000498183
0.7112809652382552      0.31580854785463464
0.3042374298464574      0.28418198162737307
0.11026836764314471      0.8593392794951684
0.3005201114588763      0.2916239239841213
0.758524593932661      0.42814130608418877
0.3686401536631939      0.17746173456806913
0.22932158604766342      0.46116618106008067
0.6539096581190581      0.2097821939730966
0.698495735581906      0.2892944093079803
0.8038602880255284      0.5571874730386867
0.12758238295497268      0.7925141461961889
0.42922968559659413      0.11540311852837015
0.22267034296009988      0.47962611183111803
0.13378366438994893      0.7693179999748886
0.1506852145949435      0.7080740122735828
0.44522806391857406      0.10522038440359635
0.707126937103196      0.307012353845015
0.26011371308875675      0.381542773495272
0.8207824082808591      0.6106895801179223
0.5719875116681271      0.11615858232639484
0.5952905068907798      0.13587408870266046
0.3883275976147963      0.15321995657097062
0.229714703898571      0.46008913825550823
0.7394287515723776      0.3800151152789689
0.8273021955898378      0.6320767786803403
0.8441709678699455      0.6894098120054154
0.7130597003341439      0.31962846472372797
0.4454309008898478      0.1051079195427805
0.17865238447022888      0.6130862067374669
0.19590101917879132      0.5584515295121693
0.7917807706796901      0.5207697466859236
0.5896261387568077      0.13057589999818675
0.17989497883944988      0.6090496187778729
0.2917005902877695      0.3098401046021537
0.6690473776643989      0.23452095304691423
0.30300846166916157      0.2866268502143432
0.44547781109043827      0.10508196905817034
0.7670919459299805      0.4509330493013932
0.5531843427705904      0.10425864493531592
0.21836960246198303      0.4918009061864156
0.2716072392143817      0.35428304645171294
0.8838791015958147      0.8357427705497268
0.3240886208665985      0.24680935538690094
0.7503977797948646      0.4072084195845601
0.7211644605161033      0.3374393762076984
0.38712958661944163      0.15458295854327042
0.4556190488776125      0.09999499448844834
0.7324676625194491      0.3633898112810099
0.6532538925118061      0.20876294772020623
0.38242133674574674      0.16008042354599306
0.8811098980618474      0.8250197669513067
0.5912925702208786      0.13210087227326717
0.30654542201926205      0.2796318687415593
0.6408244370616373      0.19026748894466275
0.1983153330152257      0.5510445939286138
0.8677497926140679      0.7743773270705872
0.10204771696576354      0.8921304564924458
0.8388953115958543      0.6711694265845939
0.14909519847090488      0.7137122899258069
0.7276790454659187      0.35223793063663145
0.1740237589960087      0.6282599608734792
0.7589301530442608      0.4292034569467946
0.18189741786219019      0.6025775621237023
0.24757510947843755      0.4128067758925068
0.3198124988821392      0.254522552063725
0.8572767980822956      0.7359424219364228
0.37212285463208483      0.17288763943707075
0.11954294461593838      0.8231656377559347
0.6396444156272978      0.18859288470466376
0.15537438680681048      0.6915950448971577
0.3992566193559973      0.14145680852177325
0.8641135109431602      0.7609066491342585
0.8462698955098932      0.6967451443285821
0.20655137393616385      0.5262211378769125
0.14249431030544452      0.7373931134484545
0.42715508535833524      0.11691340273574954
0.8944302068275846      0.8773106849184659
0.2739468278981845      0.34889799229664586
0.5914619686272392      0.13225746538490757
0.3175149124621738      0.2587433688364291
0.39388364044028734      0.1470887228222279
0.6524523187058908      0.20752298842563466
0.6875888280052009      0.267983861788633
0.3557543374765927      0.19545354055393338
0.7351395012036661      0.3697129930360151
0.41433852692296214      0.12720998638740028
0.8172768965063931      0.59936819838082
0.13190354370593788      0.7763095351226078
0.7505607052531489      0.4076215104593214
0.8107045575903272      0.5784775534554293
0.24369748895073293      0.4227975985240101
0.27722109414575574      0.34145464511354384
0.70056845404095      0.2934804158658725
0.22657211191873763      0.46874278635731015
0.18339484796600466      0.5977642720899458
0.5654932354506548      0.11164383890083696
0.8821407799586403      0.8290025098675303
0.2784913342206845      0.33859625123503856
0.4029232768125186      0.1377812598674674
0.25268136548404474      0.3998825895440522
0.895308223698481      0.8808205916640653
0.7460189581838224      0.39620678494639083
0.7695687805618395      0.4576606725170792
0.18243928917037824      0.6008331672811271
0.3305270406216342      0.23554510896585223
0.7258763384270209      0.3480998894698151
0.6392903456778956      0.18809316336443793
0.5590350887734082      0.10757772159610768
0.24453473504211135      0.4206275172173072
0.6828790565697302      0.2591540229793333
0.33755487914547955      0.22372880463296033
0.8187478014890216      0.6041034731315407
0.4034271384564859      0.1372868155338344
0.5817847306276694      0.12377759716398948
0.7385386658654826      0.37786194756693725
0.7941227697788703      0.5277150206411145
0.3586204053629033      0.191306402297125
0.8172858924248647      0.599397092298076
0.5451703580041374      0.10027493567516471
0.8838782737784817      0.835739553444628
0.24075661273694282      0.430476391379212
0.6716816194550975      0.23906297788282868
0.39912942225378323      0.1415867572777946
0.32434564976883135      0.2463516300958599
0.4278888809735685      0.11637422696548787
0.21123953108383772      0.5123977837025678
0.24358953068747768      0.4230779351703593
0.2909877336302211      0.3113468702372533
0.6967275183800701      0.28575775091983713
0.16886978235229672      0.6454112138818032
0.38320436318121653      0.1591505819157138
0.17080492381911294      0.6389399699589411
0.5668856533774423      0.1125758644297162
0.8059169736015163      0.5635352353310625
0.2987629207177027      0.29519046323403164
0.16127278123872263      0.6711827367135039
0.24822733767180893      0.4111412459978192
0.196283334437658      0.5572746814580619
0.8820771048535685      0.8287561935669374
0.6930790606976134      0.2785604300805226
0.8597732307360406      0.7450032766729909
0.7511003718071515      0.4089917327608197
0.45363126228373074      0.10091003673658024
0.32026912631603255      0.25369006497588953
0.5476867898639242      0.10145579857335471
0.830837101810851      0.6438524655840989
0.17364069743943644      0.629525449114636
0.8367575084042735      0.6638582918547747
0.6704939440725984      0.23700646020343671
0.7004911072253788      0.29332342691917634
0.7696237154800621      0.457810591908423
0.42465773881577296      0.11878924868153999
0.3681687223477331      0.17809033890627898
0.8578884143973522      0.7381564596994568
0.7281519054438844      0.353328809472924
0.7559252969578585      0.4213733457427924
0.6547158973718699      0.2110412869004174
0.2829138544900432      0.3287718158429789
0.7526023850106245      0.412820895321257
0.4211400160632165      0.1215386643524829
0.22682727021449578      0.46803643553595364
0.20258110986930963      0.5381017801002257
0.7192066139709444      0.3330759078819484
0.6420012326774229      0.191951557391347
0.7131668332628978      0.31985956061446563
0.2548004357135418      0.3945966368128676
0.17415993753351228      0.6278104372927772
0.8544836257088583      0.7258793481886084
0.8593410856738884      0.7434302805773841
0.2861427143051758      0.3217241264286732
0.8427179988605568      0.6843581047807203
0.3591638996151443      0.1905293599131604
0.13256091818786625      0.7738609113721598
0.4090196511769927      0.13197144501853592
0.3056717664484293      0.28134790076707583
0.645195401546159      0.19659330062364008
0.8395954915375425      0.6735740527321228
0.35320574488239687      0.1992111665035463
0.7398607009046628      0.3810629163771557
0.5489308236545857      0.10206326014221094
0.12275069022687685      0.8108571856610232
0.2848966594898438      0.32443140334873755
0.8342955755189155      0.6554959907660813
0.21368318102028344      0.5052807489447033
0.5459708428816289      0.10064361744986892
0.7796868417396283      0.485788736369838
0.7388542415847575      0.3786244251756009
0.5999978403928259      0.14052430027740487
0.6832425418291902      0.259827483493337
0.18205091932050776      0.6020831076267611
0.8601335412818906      0.7463162427384361
0.7961563331608587      0.5337906686036347
0.30005748426317047      0.2925598780900016
0.8217995983976006      0.6139979836370222
0.6295644261845118      0.17486271502487835
0.4450018889538814      0.10534628050110001
0.7112403349456077      0.3157216666599668
0.4048054263834987      0.13594742221402167
0.24690960103430015      0.41451065826834654
0.2960931682324772      0.3006690513248129
0.8277435923020848      0.6335402720065297
0.8074271180774647      0.5682234223083437
0.2209245641391458      0.4845455845162191
0.2698791027718672      0.35829630546715796
0.39060654769619474      0.15066726571124095
0.6334025459009036      0.17996940673828887
0.600972686442622      0.14151536186674293
0.7177304904907489      0.32981172355466626
0.2748096494277802      0.34692601703601034
0.3939924668668834      0.14697175135674456
0.7050870062934614      0.3027567526750343
0.8704028755769139      0.784290207296534
0.5644071746974642      0.11093050422774184
0.715994287536276      0.3260006571304089
0.23198768070169085      0.45389244198446244
0.45368614320037326      0.1008842362051202
0.7858050898477683      0.5033003202971043
0.6256675448861716      0.16983044940565192
0.8285734463840043      0.6362970743454659
0.15942448176194143      0.6775411633334312
0.8174311289516231      0.5998636897263324
0.31021933430881266      0.2725001683018106
0.34122436102949605      0.2177578354990478
0.7510607886486006      0.4088911302463557
0.6743570942457389      0.24374802207392626
0.5870066331905243      0.12823559966415993
0.23121632750443397      0.4559894770217833
0.6642791264483308      0.2264781232231199
0.6491353558293309      0.2024611239861762
0.552480631415197      0.10388278828798242
0.12060122662504454      0.8190933831956976
0.7190520033077481      0.33273297945817126
0.24863469166352914      0.4101032121549071
0.3803964527212408      0.16251375388129274
0.5567311384430415      0.10622933822502537
0.3032436412422357      0.2861578084535543
0.3750193773408048      0.1691769677183051
0.11942274351159174      0.8236288871386248
0.5566230547968065      0.10616740235753222
0.6131477410674784      0.1547035185921876
0.8826009127365104      0.8307836754409186
0.8545026007469931      0.725947443800436
0.2644562735695143      0.37108609966508077
0.6752026085791185      0.24524368128613994
0.4531934087786378      0.1011169720572933
0.23351183682912222      0.4497665173221558
0.874685203605086      0.8004409062710346
0.3061873791259899      0.2803342009923714
0.40146206832059084      0.1392296956297028
0.34969146498922943      0.20450046912152964
0.5908830807873469      0.13172353744572074
0.6962668896566501      0.28484163310982635
0.5546476043570926      0.10505623598418837
0.14823933031723996      0.7167578402756759
0.5624541878807502      0.10967781430558536
0.6926161382518866      0.2776568579788734
0.3744724503674024      0.16987111768273572
0.11164993559719458      0.8538955384940861
0.6646706087341261      0.2271297794922995
0.22942589289370102      0.4608802543422029
0.28178518607598546      0.33126028099414284
0.1976599797648698      0.5530493327667706
0.5561021437572724      0.1058705602300979
0.23217921768705513      0.45337265479105215
0.7648249084731121      0.4448297307083665
0.29381429491194544      0.30540261430302407
0.11650326392405547      0.8349253537753952
0.45343743302437833      0.10100140351894342
0.29943498073290664      0.2938227025241562
0.8755146440886935      0.8035905879168682
0.6579726058641677      0.2161942366539229
0.4258542011451102      0.11788266292602721
0.7950916462746344      0.5306044962708408
0.10815702439842789      0.8676958649699188
0.15028892823750484      0.7094768686792285
0.8785941309801383      0.8153454443597818
0.3578331409413237      0.19243727102227157
0.2408150215499461      0.43032303028356533
0.3831671364364625      0.1591946480012525
0.6737525091019936      0.24268298947833417
0.8757656572976126      0.804545147803221
0.8976575914271255      0.890250669856354
0.4396526096973489      0.10847485845075776
0.8073838108788813      0.5680886551097784
0.12322997101346156      0.8090270825026487
0.2702295732366067      0.35747996178157326
0.5479416682204546      0.10157897920469047
0.21371921228177085      0.5051762616613836
0.658420346210361      0.2169110745176165
0.23865184382257998      0.4360258293047635
0.5740356074754613      0.11767097353036875
0.6424923338099747      0.19265850105691645
0.421861544629753      0.12096451041482266
0.5988567015448085      0.1393764049587943
0.8843965803279927      0.8377551802144533
0.16910574753457203      0.644620100382274
0.6263580864767917      0.17071097529945278
0.8483701808447518      0.7041298744813473
0.33752171058846964      0.22378339819178286
0.7890453110988842      0.5127279732689102
0.3100721880709874      0.2727831772276881
0.6298334448859472      0.1752157883332963
0.5548641699370823      0.10517612288729251
0.6443667559823693      0.1953791945445539
0.21008584317886952      0.5157788668526789
0.7050384441824525      0.30265595833186365
0.18635478342729042      0.5883167511408404
0.22240522520042655      0.4803712061666724
0.7076141149485036      0.30803491305357467
0.30608186645155594      0.28054142090694245
0.7921606931099008      0.5218926448076551
0.31657553531257865      0.2604844612763472
0.8777040659635037      0.8119380683684664
0.8323749095792286      0.6490147963992592
0.24778441650115024      0.4122718201168434
0.630559895665517      0.17617287920994606
0.7896802604416975      0.5145878608907574
0.308129983569859      0.27653919822066597
0.13427035642793445      0.7675139883827795
0.3229537070973333      0.24883844425726726
0.812548672254969      0.5842950567177726
0.8929308301840392      0.87133491565488
0.7779271874091066      0.4808224572974077
0.5834016132621963      0.12512843834726334
0.851846375968052      0.7164505316334879
0.5915502661771179      0.13233920348050301
0.8403558255157283      0.6761908880317302
0.3667632058306691      0.17997780462224752
0.8127556549337891      0.5849501603492988
0.26588322457600844      0.36769175358443673
0.15099130093302765      0.7069915530188963
0.6222780065750723      0.1655783876100816
0.16654507637995514      0.6532353257500192
0.27026587305767913      0.35739548043308844
0.4348120000875768      0.11155566763394001
0.1932062844451244      0.5667884799682527
0.20052468830104878      0.5443181757000025
0.10260134054896071      0.8899006288124243
0.6365444623437231      0.18426082076453232
0.57362706151782      0.11736589645752515
0.44666220851492644      0.10443415001911965
0.4309837388666278      0.11416018977958843
0.5596825650345935      0.1079663312755931
0.5830486725872255      0.12483131187339759
0.30973821933061274      0.27342631863364264
0.18131981199085395      0.6044402676422157
0.3694170793683784      0.17643069588353144
0.7639632704264312      0.4425236772666029
0.7941776372468432      0.5278783977182857
0.7310513249960124      0.3600672181934669
0.12650336164919784      0.796590041969281
0.2544210230913556      0.3955397276382743
0.6008961144773161      0.1414371679640293
0.44619571493019405      0.1046876081824529
0.7621604477289762      0.43772299520534064
0.8701764117761812      0.7834412740951624
0.6453184570788786      0.1967741907512473
0.7417810316621253      0.3857440288904863
0.8188855953151821      0.6045481941900394
0.7276448517064883      0.35215913407592625
0.3712632376100742      0.17400522343021957
0.7081855069138289      0.3092372953874475
0.6991318009573841      0.2905743633105711
0.6797578912170286      0.2534262360885846
0.5814975245663256      0.12354041667058177
0.15194245642736082      0.7036338929191854
0.15006812074025616      0.7102592185969463
0.6367336532604206      0.1845224195823545
0.6671318851175103      0.2312623369892607
0.3780093906479499      0.16543563940062603
0.6087372521847465      0.14975264363848487
0.23160017487710943      0.4549451794384727
0.4387796236633542      0.10901293453449909
0.4004819878417274      0.14021332294674443
0.5769600156900118      0.11990409049228275
0.8567970662480268      0.7342084538588387
0.4147887277549632      0.12682011623616432
0.8472275872645005      0.7001069062584927
0.4078613708617481      0.1330463219077719
0.6905758012923335      0.2737002106861723
0.8736662010215028      0.7965809260739548
0.12130422478714961      0.8163945248060568
0.11897219860055427      0.8253665678822734
0.2041656335567292      0.53334110253249
0.8180930439112732      0.6019929108264301
0.7150746350329623      0.32399433250373844
0.6241643864767659      0.16793043159522764
0.7210475504046318      0.33717772803318535
0.3113283318712665      0.27037426694724115
0.7856266061410092      0.5027840986542397
0.12117159980193022      0.8169032982729146
0.5463961808479936      0.10084215643010483
0.17521756676489156      0.6243256094758172
0.3012561285874069      0.29013933366095357
0.3542412022234527      0.19767656333629574
0.750044404624418      0.4063133749335248
0.34460075419723224      0.21238422527039824
0.6047043183525903      0.14539798542896137
0.4473286331238099      0.10407588665596681
0.19192078964784642      0.570791439229306
0.8746339031380663      0.8002463288388486
0.3356883736875561      0.22681829157709468
0.8878610775916694      0.8512980202824666
0.4308616944669511      0.11424566247368999
0.6141193331599661      0.1558206281432746
0.7850187521429679      0.5010284456170185
0.8427665555920978      0.6845265823846923
0.3916476313398567      0.14951862992564152
0.7145397450325568      0.3228313493217981
0.6645538527650972      0.2269352666413193
0.8611202027119907      0.749918350447848
0.4486442022496028      0.10338185093797425
0.6842274561736728      0.2616590432089117
0.6919371490683567      0.2763354736546778
0.22197262412492805      0.4815885284489868
0.33456352655775645      0.22869720283937428
0.30227884093474255      0.2880855686365772
0.32795083480543996      0.24000189781657144
0.6496699853393535      0.2032694662506674
0.8826906875710065      0.8311314421317142
0.7917786482727424      0.5207634778086925
0.1502670700115342      0.7095542932229991
0.8677798085960471      0.7744890790397859
0.8164102170707779      0.596588360189055
0.7132253885629466      0.31998591907205676
0.710834858595051      0.31485553802590416
0.1767202544708651      0.6193938184365513
0.6936043497963221      0.2795883629773685
0.706454481904011      0.3056048558710851
0.8348917194500793      0.6575152460040996
0.7200684531269598      0.3349919133573796
0.31386406939955536      0.2655601577983222
0.44777765150740945      0.10383703455999632
0.8986292627633118      0.8941671791382119
0.12768692070432047      0.7921198916568458
0.34238502879392896      0.21589758457182046
0.20237262280163026      0.5387300689882121
0.2627768657946081      0.3751073875121719
0.41590408446905924      0.12586306736397376
0.2374742079753052      0.4391503570698042
0.45230776527072614      0.10154147334274129
0.7921128760551817      0.5217512363966375
0.18918476108486992      0.5793669876173649
0.10747818894353546      0.8703922495851603
0.23464388830771543      0.4467172528183285
0.7433916250780913      0.38969889966208415
0.39625044033432255      0.14457183871807366
0.5525005606881577      0.10389336364333368
0.23479664388213328      0.4463067880274224
0.1765345076549723      0.6200021972889005
0.1714743019627184      0.6367103509801015
0.15059147757551342      0.7084056983753331
0.712974622809546      0.31944502722552104
0.18345332795350455      0.5975767566193725
0.5589134242469187      0.10750517337126302
0.7543543191841522      0.41731605716495535
0.14673465013915601      0.7221301283599296
0.2249488589598281      0.4732518504240235
0.5597639990042732      0.10801550777046291
0.7958620855830735      0.5329089581960841
0.11992362679252432      0.8216994720061627
0.8782608638465056      0.8140686807307346
0.5484791782285785      0.1018409098053181
0.8581933422877367      0.7392617070270302
0.38045015594824105      0.16244868203379964
0.5507849673024185      0.10299772226022239
0.34813085365686725      0.2068894257122991
0.6889594425352092      0.27059567205288426
0.6760050300650167      0.24666980702988117
0.8583920314824373      0.7399823862094783
0.23580092348306836      0.4436141023841744
0.6521150070400867      0.20700314398210817
0.12978509646019243      0.7842302134762466
0.11725278703409621      0.8320169575480674
0.8874111732511046      0.8495324618214439
0.4034707591125195      0.13724413107079014
0.3080514522368597      0.27669187307599746
0.316589172470342      0.26045912151314554
0.8412559240674113      0.6792963167863209
0.14305129667672173      0.7353778694791188
0.8755373642709267      0.8036769625855489
0.2843566714091893      0.32560950694615154
0.11835794779459641      0.8277389479062719
0.37384738103790327      0.1706681535463343
0.820781900748763      0.6106879319885278
0.23289113893791447      0.4514439211937423
0.4257386323832433      0.1179695994605175
0.24868386372342502      0.40997802382835236
0.13045956627006644      0.7817035023185156
0.7117893208068574      0.31689699555207734
0.3188300715069988      0.25632079393100854
0.8027495315840083      0.5537770428477534
0.7504785620213305      0.40741320603876185
0.10951169004783867      0.8623289798480129
0.26475709299482153      0.37036881319178494
0.85987472163759      0.7453729749582196
0.8132680163437755      0.586573658783092
0.17992642534605768      0.6089476671340811
0.43723798964505545      0.10998198698493188
0.38398151585856144      0.158233854175308
0.671659270869947      0.23902414836429128
0.7750278524801452      0.4727080436007727
0.21371145033045025      0.5051987694822254
0.19753632835264037      0.5534280726251244
0.10019994302160556      0.8995951943884983
0.8271009188711277      0.6314100812467743
0.44613791772129885      0.10471916433784025
0.6843410430154623      0.26187090253078604
0.18527096094650783      0.5917658004710707
0.5703319620397953      0.11496710588303755
0.7790635476345011      0.4840260250365074
0.7232976526761735      0.3422378229750385
0.31958048284993346      0.25494635431679824
0.655986970229794      0.21303967247781758
0.43358888125389816      0.11237167263808881
0.6461591567885817      0.19801411119051676
0.5763302922932587      0.11941590928703763
0.7640442980393899      0.44274021607675784
0.5552353306625725      0.10538269538647466
0.31348015871468193      0.2662848314134022
0.2760230616325299      0.3441655233864076
0.8095778746136911      0.5749402296579976
0.7991306760783157      0.5427524838797256
0.5498610482604356      0.10252772879108542
0.22324769785857343      0.4780059601946144
0.8485240894874008      0.7046727831103625
0.6695709682996027      0.23541814580963139
0.8244121774852927      0.6225433905758286
0.21794493734289827      0.49301323360264937
0.2483667827876804      0.4107857178789306
0.7577972958869138      0.42624069915093044
0.1415943826553152      0.740655798515169
0.10237901521418312      0.8907957148327457
0.270469199353619      0.356922521482819
0.8849097892110596      0.839753663063847
0.8011782118002918      0.5489738513711472
0.3264570108071721      0.24261696825667606
0.8256650422930479      0.626665867945189
0.21293944414856436      0.5074404524295141
0.22076697780264826      0.4849911694988607
0.3700966615347814      0.1755338507735818
0.8689890072291954      0.778998611604148
0.5911872567936558      0.1320036662552458
0.34953464067503526      0.20473941844570723
0.8650538299134255      0.764377244585981
0.11981433007630132      0.8221202690457549
0.8938283745230324      0.8749093459412015
0.16265162573374975      0.6664618342185946
0.5933921411210334      0.1340622485892365
0.547197076013356      0.10122097000382847
0.809811246892489      0.5756718676833003
0.21512455893179394      0.5011111437140691
0.7367112469998517      0.3734664606112139
0.6131678606908378      0.15472655465375632
0.7501431482731449      0.4065633500241932
0.6172735764463356      0.15951317802550785
0.6541911824278968      0.21022109877560557
0.3915678134864442      0.14960630513098902
0.6255459755348814      0.16967593330853983
0.7498609980839189      0.40584933297770653
0.627291774632291      0.17190922121403673
0.13171225562441058      0.7770228771499299
0.6995740587982833      0.2914667330260341
0.6696551789022754      0.23556270306639515
0.29977092435867025      0.2931407124519324
0.4384434838939184      0.1092221763347355
0.19356571337896394      0.5656722316571815
0.8781568882515426      0.813670575022653
0.10679082641148      0.8731272588667779
0.7098872276866367      0.3128378175616764
0.7882785298285456      0.5104873665780139
0.36440704507561483      0.18318676240719722
0.5700129157361821      0.11474068221653125
0.24160836745986825      0.42824340287370644
0.36098587011441174      0.18794628004439698
0.19936261504720296      0.5478499649795951
0.44914889067638963      0.10312025093504215
0.2651025793826487      0.36954615144328107
0.22230142774860892      0.48066311528909245
0.4495501178680962      0.10291411926095956
0.5524665022430326      0.10387529315951434
0.15588453808314356      0.6898156701856715
0.32786861232992304      0.24014524786595137
0.8054386083589701      0.5620549844024096
0.7827399156511007      0.49447983152230446
0.8965779034811491      0.8859099923067467
0.8038590120571478      0.5571835481797381
0.26453583817413506      0.37089629335128105
0.18892326018967828      0.5801905798477751
0.4474868352024678      0.10399149926425365
0.7456084588586634      0.3951853737251998
0.7088043557164335      0.31054327059484527
0.8686720071923701      0.7778149735732763
0.3587117007246622      0.1911756668478468
0.8249531510430668      0.6243214821777359
0.36886180408166536      0.1771669647044883
0.3047311942293725      0.2832040097886106
0.21825098167975285      0.49213935915999063
0.8077942613750252      0.569366694486203
0.1961385924081318      0.5577200542522573
0.11593248935611088      0.8371439622626551
0.2799373558543187      0.33536218603852525
0.35728742972764294      0.19322484269227394
0.7175691424579441      0.3294562687467782
0.715103737746832      0.32405769210502955
0.6318946216968363      0.1779452947371939
0.3864708229934065      0.15533864047458856
0.33215170838057406      0.2327690183017963
0.3195470016630837      0.25500755631334765
0.17204555054453663      0.6348111780473517
0.8425493500623433      0.6837731284233952
0.12876898803028314      0.7880454746889829
0.6185110162508961      0.16098931499545494
0.8885798022140694      0.8541227619817153
0.43142756275336325      0.11385063326523578
0.7433408021422904      0.3895737007417426
0.5947572607315912      0.13536146183085007
0.4142614631501581      0.1272769286924667
0.379910663813137      0.16310370800667284
0.27528369185414747      0.34584580345581506
0.33291588226425267      0.23147250694791252
0.3819335578483636      0.16066279796151042
0.6679303123485703      0.23261609748959378
0.17647314385892868      0.6202032596648286
0.7708023943233817      0.46103461108347554
0.6097929156344517      0.1509197192886032
0.3286923464396153      0.23871220839661525
0.4414762128650922      0.1073757544866178
0.15355849820969103      0.6979501321279293
0.1570100628189829      0.6858992334499092
0.3680592433503129      0.1782366396868316
0.6490961121979593      0.20240190292623486
0.739252125437229      0.3795872086480908
0.11157404351385684      0.8541940715665944
0.17563584045552827      0.6229505471126362
0.8575189544112954      0.7368185696148266
0.5468757529534495      0.10106820795512415
0.3601972138589914      0.1890602633577011
0.10093011225483721      0.8966412853445028
0.1843365018718931      0.5947490792291013
0.6626896201323171      0.22384819409457474
0.24473871059843383      0.4200999026192229
0.33746747789769677      0.22387268611546793
0.35050804357914367      0.20326029288448
0.1057119902835384      0.8774295851869119
0.3229759389894127      0.2487985710745078
0.8467832192239072      0.6985458971165283
0.39570717160592317      0.14514454165837615
0.8841860865119229      0.8369362690942573
0.2943647104702134      0.30425450157845924
0.5490911280706384      0.10214267655217785
0.35053106335635287      0.20322542952179945
0.8977754803948329      0.8907253345512155
0.34258571790923353      0.21557731495319749
0.14640213364818325      0.7233204333221013
0.7883696429091075      0.5107532958466607
0.21671103805575784      0.49654611155402517
0.16114637512517646      0.6716164906568017
0.23989053518101328      0.4327544616421436
0.6289712604094806      0.1740868045223783
0.15553688542501584      0.6910279741874821
0.29167313244962906      0.30989804697195833
0.2088493000902104      0.519417735723559
0.5998329350834903      0.14035760352917337
0.6226467970242914      0.16603538257583722
0.5972516791884519      0.13778419529613323
0.2796670462875148      0.335965131414733
0.3942801645288223      0.14666309873865857
0.29221073866746605      0.3087649624496601
0.6418074845238924      0.1916733273046414
0.13035731562214217      0.7820862593365988
0.3402690883801756      0.21929912480698613
0.5455589724128895      0.10045311063466669
0.7877546832548165      0.5089600608424356
0.4439530023921825      0.10593689491352815
0.676207893312921      0.24703138385433349
0.11935747587715001      0.8238804868087495
0.7816031544484526      0.49123281795833873
0.13846876827584415      0.752051407889993
0.16712883305200746      0.6512654684082859
0.6443271724100134      0.1953213719093677
0.3421202553201944      0.2163207471493678
0.8266481853443077      0.6299119718380716
0.1419138961450164      0.7394964643659108
0.3590955574079546      0.1906269054456597
0.4139277795215762      0.1275674806220417
0.8015640077817244      0.5501508322568309
0.400671897331181      0.1400219664371456
0.7701736131611036      0.4593129666137242
0.18829474800079013      0.5821728994923684
0.6306278590340322      0.17626269355143157
0.3920765212032845      0.149048624334359
0.7426767198778264      0.3879401819418501
0.8730579549430199      0.7942819020258961
0.7378444132696942      0.37618808013715876
0.3267587422591731      0.24208693967920628
0.24700941892136496      0.4142548114809358
0.2347576458441562      0.44641155599113636
0.20375011787785113      0.5345870538497269
0.6268547141848926      0.17134722204376512
0.16803899762244853      0.6482010483063716
0.8237601630223143      0.6204042638766497
0.8897846981005916      0.8588699956007683
0.17148628389962228      0.636670481907466
0.6537083840900821      0.2094688937442251
0.844753961898987      0.6914427850008933
0.7487383811573256      0.4030163919946562
0.20335880276936266      0.5357620366535416
0.6343058437876067      0.1811929460496239
0.873355767038927      0.7954070921251164
0.4183653980949129      0.12379567034144451
0.3745956828018515      0.1697144489222437
0.7562142263110199      0.42212227039675365
0.2532257417621017      0.39852032027958095
0.2979769057809699      0.2967959448091999
0.27561582350627045      0.34509032151560315
0.8007383217528331      0.5476336800003451
0.5862699285246292      0.12758993647236594
0.32283482106595984      0.2490517528158545
0.7799467213459871      0.48652485278499047
0.24069309136050854      0.4306432154901244
0.16442687203787082      0.6604120759206172
0.6448234699015526      0.1960474977533596
0.19979697003610597      0.5465282668853021
0.8328261577522292      0.6505341544415237
0.8195024104720575      0.6065412835644206
0.4414349099320677      0.10740027547413648
0.8694591189198252      0.7807558226259563
0.890630053946574      0.8622094332960613
0.23115084344986453      0.4561677823262966
0.16595411432459603      0.6552330120678965
0.6651661510311481      0.22795687815207866
0.8706144008024819      0.7850836100906736
0.8460574357052474      0.696000610577566
0.7396933173158943      0.3806566614269157
0.23958325522178614      0.43356453495391134
0.17765032121002555      0.6163528135363425
0.3522713578098895      0.2006052969861338
0.7328266720617033      0.36423524047076905
0.5947514084913379      0.13535585185528767
0.33327155343293413      0.23087108531124745
0.6463983885492244      0.1983682543050911
0.6537789333273857      0.2095786629686177
0.40466201991030426      0.13608588522851023
0.6583014204536871      0.21672047491743926
0.44990600773283396      0.10273264398924194
0.6891008569500987      0.27086623055391224
0.804882456839714      0.5603369449831389
0.28069497133914445      0.3336762118465687
0.4158249340834582      0.12593056831788935
0.14826883793951248      0.7166527158941446
0.7163352001350612      0.3267465717986706
0.6386710427240672      0.18722215390317679
0.2357762629681817      0.44368010012074477
0.37079355958730964      0.17461901059741425
0.15809277443966557      0.6821438764775793
0.42524148410818174      0.11834512119657599
0.5982708408801403      0.13879219812384885
0.5599867215920573      0.1081503488723771
0.8752006296564946      0.8023973435619816
0.2982587894796375      0.29621946135585586
0.8694032099041261      0.7805467253850821
0.8540200084841754      0.7242167004573486
0.7777900306360743      0.48043667639885135
0.6479937951068968      0.2007448094836597
0.36457086642219017      0.18296182862166102
0.3433101764235953      0.21442458156529123
0.8744114596618999      0.7994029317477087
0.23228473843069075      0.4530864545370842
0.5999479212076144      0.1404738097367035
0.8998001429216556      0.8981801507744535
0.18765983341761489      0.5841794735496153
0.44761097759458446      0.10392545728788313
0.322486422523932      0.24967768323347508
0.784514662078522      0.49957532984490516
0.12461223891903216      0.8037620083283631
0.7647440765900199      0.44461307596134814
0.17380576785705307      0.6289799376769544
0.418375839848806      0.12378703039178773
0.5961498700432907      0.13670628157105716
0.5824589095324768      0.12433762908020514
0.845249081907787      0.6931720328963066
0.8059616885654411      0.5636737195038511
0.2747184086883091      0.3471341909623376
0.3135791063693798      0.2660979140821602
0.5649091696661065      0.11125873468305558
0.6677702738023685      0.23234422943064925
0.7561341398980227      0.4219145962538382
0.2991536173942967      0.2943947700032
0.3311963895919723      0.23439814632032163
0.8948916842655008      0.8791544857874032
0.5474931778523093      0.10136266709907699
0.31040908324184274      0.27213554452102284
0.4435789555822195      0.10615021054413647
0.5543600358023807      0.10489777707312728
0.3740723650711869      0.17038081708925557
0.880548166172364      0.822854082984067
0.40265059531422254      0.13804991695013824
0.17674650710131665      0.619307861048169
0.11642975970371101      0.8352108806184169
0.5919287613931423      0.13269047553551236
0.14821410454442957      0.716847717054305
0.28936174624645117      0.31480297501817
0.2943148705287002      0.3043583364810756
0.6627934223428948      0.2240191599843874
0.8979914856825615      0.8915954170851362
0.12419257111862644      0.8053584824601998
0.6980758886038421      0.2884517959838401
0.8624272940034412      0.7547054643139874
0.6047763765306108      0.14547434696049208
0.7619040980880039      0.43704304206804323
0.18306794826011777      0.5988131104242495
0.8870141068708353      0.8479759579236378
0.5557352083968322      0.1056631108512361
0.8104252142418747      0.5775993311821185
0.6074879930687322      0.14838611919933928
0.2851885266531293      0.32379585972867786
0.11339281178146769      0.8470557184819182
0.23827974562137505      0.4370115703758817
0.16284575003622062      0.6657987353410172
0.12738854148836593      0.7932454943517672
0.10257381070871319      0.8900114373210708
0.5647744766893249      0.1111704149202369
0.8184412347230828      0.6031147375468056
0.41856652811967454      0.1236294410159468
0.1444983387540157      0.7301569785862279
0.8571185471746227      0.735370173922083
0.8276214378302207      0.6331350596466241
0.7936891956404083      0.5264250532228988
0.36387799800484555      0.18391502276556979
0.732835206794263      0.3642553547378058
0.6886444711784506      0.2699937867503118
0.28714665065468487      0.31955433161827296
0.7679979219640354      0.4533866724654372
0.14724172973937766      0.7203170976164086
0.6050101363379924      0.1457224289707303
0.7383744240928091      0.37746551414580953
0.7346242824686703      0.3684880491667176
0.4072635880550296      0.13360637542203244
0.7991351215877406      0.5427659454238946
0.1863480986109442      0.5883379877827329
0.4216768143263707      0.12111100687708666
0.32799089652972185      0.23993207735987981
0.5766643810371458      0.11967440523568043
0.3888880938819069      0.15258725856970967
0.10734408812201639      0.8709254599028503
0.36781831271236      0.17855903152997707
0.21127538896094036      0.5122929119125896
0.6678140659806637      0.23241859632522996
0.35819477359483587      0.19191702323356008
0.13226844417923314      0.7749497939178224
0.565318062185616      0.11152797563131256
0.43493181076670306      0.11147655043023805
0.6767291339483089      0.2479623370540803
0.23180601110858137      0.45438579462133133
0.634258898827378      0.18112915440267877
0.35144842399948295      0.20184045805929512
0.11993331562782876      0.8216621754119161
0.8501110546255892      0.7102847477329353
0.7252488864070936      0.34666731874579815
0.7562286751477127      0.42215974496342024
0.2235538044731131      0.4771483444992234
0.1138084021521872      0.8454292990005735
0.7469097748776299      0.3984291989503823
0.8378480626682937      0.6675821274954946
0.38452783371068766      0.1575930794282709
0.7514087607643546      0.4097760615402699
0.10567363447125556      0.8775827625525372
0.42632856385671436      0.1175272406744427
0.6500346282189022      0.20382245452141884
0.3245441308195086      0.24599862643391615
0.8055101906609933      0.5622763408815656
0.6661273081975281      0.22956821299508423
0.8703454961043836      0.7840750626986096
0.7403195463345088      0.38217803010171536
0.36586728174599537      0.18119137892354745
0.3273706138920476      0.24101494178414398
0.618201963136323      0.16061919411012351
0.6083924382303939      0.14937388376428495
0.32007737994522933      0.25403938467385057
0.11899296851880911      0.8252864163857139
0.8018518326887671      0.5510299060143374
0.741764271930209      0.3857030128456097
0.8273209066202457      0.632138776862063
0.8716233806099519      0.7888743930792196
0.3233430336648606      0.24814090567545968
0.36451506789248334      0.18303841189627948
0.3127875433392267      0.26759599409566526
0.2930596435138749      0.3069817292591553
0.3602889952349756      0.18893029759758012
0.15985293195732844      0.6760641506141093
0.10304473325066196      0.8881170158294174
0.8299392173239707      0.6408493923615166
0.5990489701377926      0.13956888826327116
0.39486410906844227      0.1460391985866361
0.4429052604157081      0.10653798674733156
0.3935760310921096      0.14742000354217463
0.32224436654269717      0.2501132829527424
0.1112828434045782      0.855340092778954
0.4232467908983589      0.11987698107757264
0.12140206965094956      0.8160192883560992
0.24145350272026936      0.42864885501213046
0.5628630595030963      0.10993687734267855
0.29864612233363913      0.29542863504102046
0.5637253538448478      0.1104887808091511
0.8484438096204658      0.7043895680958147
0.5687064484629961      0.11382424880189554
0.6543607616671363      0.21048586517730572
0.7123817191801182      0.3181686900292048
0.7440399413638631      0.39129827854165744
0.6017709338753159      0.14233405324695264
0.31541179049256673      0.2626538004649409
0.27184604454874994      0.353730845903775
0.6748933971840506      0.2446958670828438
0.16212711624406587      0.668255386661666
0.15044308578399085      0.708930960934475
0.861349651082837      0.7507574342661774
0.7038390905960779      0.30017418671785095
0.12753561779310985      0.7926905525414577
0.12183444499570346      0.8143622834376929
0.35959884903523853      0.18990966046288876
0.7524926618681275      0.41254039879851456
0.88956822997173      0.8580160379796038
0.6838233538633325      0.2609063809052513
0.7489371392505944      0.4035170314006479
0.7394365584215644      0.38003403597894214
0.13425091813486156      0.7675859939280321
0.39058902076940993      0.150686697246658
0.25019137494988747      0.4061518961672602
0.45274232343798926      0.10133219109775404
0.3060902803529931      0.28052489242463885
0.6531260635290279      0.20856477226291417
0.34549332376993047      0.2109829711239919
0.5546482109955376      0.10505657114528912
0.27090926857873593      0.355900306397687
0.728796749283194      0.354820100851846
0.8696909454292425      0.7816231812197993
0.5910915333022907      0.13191540933634655
0.42725090878365934      0.11684268442316251
0.796436192317512      0.5346300776874953
0.35307280374999317      0.19940897879263764
0.6756587820686912      0.24605362852778154
0.7425389415693616      0.38760183229057255
0.797153258201707      0.5367844632031565
0.35545977706206555      0.19588447669462059
0.16105715396205805      0.6719227443867044
0.6786687434769341      0.2514507104425063
0.7917014171157286      0.5205353939406396
0.8635439322722879      0.7588087622474817
0.2889789455940669      0.3156205271910032
0.32917949407714275      0.2378679571827711
0.16437180035702403      0.6605992718600547
0.7159616585812664      0.32592932688629717
0.675734247105047      0.246187821680804
0.36997062970805283      0.1756998218558477
0.707043669148803      0.30683781952833034
0.33002501916945803      0.23640832489928473
0.7380074465242372      0.37658072056443503
0.3563835771350492      0.19453591826086147
0.8556284436990429      0.7299942755900586
0.1488653658819163      0.7145294055531061
0.887651695049505      0.8504760859282495
0.2049120549897808      0.5311072994419384
0.21237454085591323      0.5090845920786862
0.42516927758099166      0.1183998706549169
0.8674662661086961      0.7733221846605283
0.8541299594264435      0.7246108152552189
0.7736672125179426      0.4689293457689866
0.4291180183971972      0.11548330114096864
0.10769604456128322      0.8695264025071541
0.24182142252331615      0.42768599923217177
0.3073035926237834      0.2781489358905769
0.6148275165083182      0.1566409004853169
0.6755024661142037      0.24577584839555133
0.5853682585476422      0.12680717364040006
0.8612944368460941      0.7505554692311455
0.5658153950178033      0.11185773318099877
0.8026183013292653      0.5533749429644187
0.4239275670997098      0.11934963824086622
0.8580798721390174      0.7388503110149856
0.4144468226443695      0.12711601573404868
0.8479274063680415      0.7025693369453341
0.38635962856646755      0.15546662745959283
0.25647733769096814      0.39044588670844826
0.4258183287848254      0.11790963341390086
0.8353334118261522      0.6590136647183348
0.24155262893191745      0.42838930421501675
0.577815549902868      0.12057376071965327
0.6118388625513047      0.1532137187022471
0.7115599661628924      0.3164055969204683
0.5450100775887875      0.10020189448655387
0.12497605439505347      0.8023794472949269
0.7059184839401424      0.304486252302666
0.20863474932781279      0.5200506867455564
0.5540232581522062      0.10471326703884587
0.8001598950988528      0.5458744244525023
0.3575976965329114      0.1927766950784658
0.8368367963801079      0.6641286247351194
0.4355906863270488      0.11104405832048389
0.16161392267179175      0.6700129407311711
0.41387156532453095      0.12761653958234834
0.5594171971296674      0.10780654636292059
0.23045589462680185      0.45806272102667533
0.1892282120807652      0.5792302065963323
0.4352508734156225      0.11126656577534977
0.45306485874027314      0.1011780951345906
0.3153826039831407      0.2627083833785267
0.7571077275661596      0.42444363581749933
0.32649963439954033      0.24254203873428176
0.579263479178543      0.1217240149821135
0.23720861040848515      0.43985698675058504
0.7598892757373016      0.4317220061819811
0.42535860753624155      0.11825642647874307
0.23051176681383684      0.45791019180514103
0.19582421444805198      0.558688129416728
0.5928396528124436      0.13354179774359112
0.8019372886382342      0.5512910667599921
0.40871637664534466      0.13225156905578273
0.42171341043197685      0.12108195766214634
0.6273527711762064      0.1719878081283136
0.7960625152425088      0.5335094487921596
0.3446652198771675      0.21228274965467667
0.6532952531706575      0.20882710528622128
0.20568243222743773      0.5288077203093964
0.5881825399527082      0.12927757550001828
0.3295816461235047      0.23717281826140296
0.6522010905251625      0.20713570117524455
0.4028561389854072      0.13784733696216295
0.6269720343773321      0.1714978896322589
0.39361428490140715      0.1473787538306798
0.25454560328939024      0.39522990287382254
0.6287230374891261      0.1737631655655701
0.20339341467896294      0.5356580466514043
0.7272551189891424      0.35126186523360325
0.625964766275134      0.17020885154405446
0.1126858241232846      0.849826544059114
0.5465452837637781      0.10091218823864465
0.7401744358114385      0.381825143295097
0.307351248708274      0.27805591809029184
0.26062760206069446      0.3802953924915614
0.20511331039752245      0.5305059713407211
0.8214304686281055      0.6127961805720564
0.3100317021963601      0.2728610828770354
0.4259120672525737      0.11783918399186258
0.7317828417859267      0.36178075066329884
0.26703138342259647      0.3649755510013143
0.7447739004321566      0.3931140724046369
0.37711404506296664      0.1665464674471941
0.5749165456042734      0.11833455540589005
0.7495409414748732      0.40504036473551375
0.5684334750251211      0.11363495195728315
0.5878978341024736      0.12902401184689682
0.1230488416430602      0.8097184400477837
0.6648725028502172      0.22746645632314522
0.23818409599424067      0.4372651863617514
0.7994804749371914      0.5438123290692302
0.2553447739215189      0.3932461428554378
0.2464071688804481      0.4157999920448311
0.2826661691026632      0.32931680277452724
0.40634126402524795      0.13447758503437443
0.3324217971822956      0.23231010507753377
0.5669285581504541      0.11260489485368083
0.5481392978669021      0.10167494477621411
0.5768616246033278      0.11982754997212106
0.42884940067301525      0.11567669923711688
0.7817283218360872      0.49158970159212423
0.2107741193928403      0.5137601318205246
0.44826271729090006      0.10358130129476488
0.38782414977604374      0.15379096923010227
0.11432890766261058      0.8433947593520166
0.24648213755744827      0.41560744631309676
0.30557417421271327      0.2815400710839462
0.15852440079698032      0.6806501010225177
0.5774487690986757      0.12028575508025029
0.43312915917770434      0.1126822935998322
0.8341686835980471      0.6550666477066013
0.5986771924287265      0.13919703326893632
0.6251803231775106      0.16921208678059563
0.6528856762173226      0.20819254384906746
0.129435619541774      0.7855412420670281
0.8750400473702403      0.8017875220943587
0.30251199989695166      0.28761883179807796
0.7860122103237249      0.5038997713399204
0.8210044960914432      0.6114110250909103
0.8403978751602634      0.6763357807768459
0.29280492612757336      0.3075160294255997
0.24057908864447766      0.4309427195554293
0.4371290974234304      0.11005134527717411
0.6877589615365262      0.26830703010813184
0.6211176499921615      0.16414948917924577
0.5983099752669351      0.13883111371198906
0.23412255311783603      0.448119895781929
0.8609785035991135      0.7494004285394361
0.3089733337019641      0.2749035550646212
0.39037659427608373      0.1509224549281032
0.22581846068787192      0.4708329568899777
0.8438724295458865      0.6883701040056261
0.8148173287247414      0.5914990728929331
0.5452801177683959      0.1003251042244151
0.6312407624902099      0.1770747650317395
0.18027672511614592      0.6078126492744245
0.8438319639477146      0.6882292454685897
0.4436564234358159      0.10610591498038237
0.1827139610717586      0.5999500776406833
0.62993361409364      0.17534744253777493
0.29985470274179593      0.2929708142532137
0.26393952416902783      0.3723203976290148
0.44485498313688565      0.10542833038742762
0.38513181676784525      0.1568881868662665
0.23036792129330905      0.4583029493851767
0.4478248015081221      0.10381207190110171
0.118881079312914      0.8257182505073601
0.6361034140554677      0.18365238004766804
0.10242546278054343      0.8906086746886729
0.6664812155214811      0.23016387835483776
0.3523666739100203      0.2004626778977502
0.6006245914267191      0.1411603720767994
0.299636913332883      0.29341262760271536
0.751869889985182      0.4109506527655006
0.7100288508662572      0.3131387873991123
0.6773781880487786      0.24912541511750702
0.2691139560321282      0.3600828679120075
0.34796985218593035      0.2071372873149481
0.17306916436653333      0.631416337108888
0.5465548679063633      0.10091669749286555
0.7303284430795198      0.35837923535663174
0.3817813654628438      0.16084499831548194
0.11978607938736884      0.8222290550820417
0.19293342583819628      0.5676367475584247
0.6023349046579145      0.14291635752949555
0.6349677130217805      0.18209470918119564
0.7220910467395999      0.3395179980041259
0.5816611069403893      0.12367540387113146
0.647257111958873      0.1996442260573985
0.32008255582085876      0.2540299504781717
0.334054733803944      0.22955128340281084
0.44678212036942766      0.10436935478447877
0.8258278756796722      0.6272028286768359
0.450486666038339      0.10243930815780417
0.7381728606070848      0.3769793699185543
0.24704865055238576      0.414154283106973
0.6787995359257591      0.25168731070650785
0.14507481183357587      0.7280829843708145
0.8981706985141091      0.8923176559509793
0.7360073589496311      0.37178242103985504
0.14653045299014075      0.7228609575792357
0.8254487514797212      0.6259530407258537
0.1420131256010655      0.7391366270401851
0.8650287903529619      0.7642847107797205
0.6419257252260324      0.1918430804730769
0.22812097883838983      0.4644652267290834
0.8077407435327609      0.5691999567025563
0.21883489104592946      0.49047470402580695
0.13176236164267682      0.7768359884557564
0.8960694130120463      0.8838697929671925
0.40379542033909543      0.13692704313312415
0.22574964053565882      0.47102410874773437
0.35342013632978686      0.1988925356810888
0.2596216680665098      0.3827396378862752
0.17441135668534757      0.6269809993256737
0.3074730971711819      0.2778181920426875
0.8196951181123753      0.6071647616410092
0.36285116022641906      0.18533660628490992
0.2426817527386146      0.42543984250803146
0.811257456186788      0.580218130597713
0.7966726106164972      0.5353398083071733
0.41074222276697514      0.1303980341335372
0.4329014653409696      0.11283693222068125
0.31920572222597465      0.25563204622490193
0.8506244985500185      0.7121058930530232
0.21942503956023568      0.48879576979505057
0.6630297473288044      0.22440880250687842
0.35404078104702486      0.1979727509098674
0.8780648118324401      0.8133181207264405
0.11815148340680777      0.8285372194857562
0.13103476545027218      0.7795523199073843
0.3736008305113251      0.1709836220724747
0.6370540429826648      0.18496625673533315
0.7513685544151499      0.40967374973032566
0.7542831066170885      0.4171327319854575
0.26572341217435635      0.36807088053791637
0.3478574900006744      0.20731042429857202
0.40495855086526567      0.13579980607608225
0.11304238580078901      0.8484284751525321
0.10825243546685592      0.8673172591610862
0.1425994497275747      0.7370124657940473
0.3741908639877819      0.1702296832733824
0.7307689821804585      0.35940729705327423
0.6895998526585424      0.27182254274638606
0.6309005171523333      0.17662348447647414
0.4417314874401155      0.10722458476581914
0.3242422348799344      0.2465357142081096
0.2195733740397363      0.48837432243436796
0.13464791561656245      0.7661161494016325
0.7318622143849279      0.3619670018914217
0.7043584873154274      0.3012471642955806
0.8907550566397329      0.8627038497720577
0.7616676338566396      0.4364164238721311
0.8651825547844936      0.7648530481280359
0.23438190636396183      0.44742176652516574
0.32183154846001544      0.2508575519081364
0.3345338954146271      0.22874687101759686
0.5896477844938005      0.13059552802849428
0.43625356276311644      0.1106133759476955
0.7395875491167395      0.38040009881431824
0.8767806707989231      0.8084115749369808
0.6596183710681902      0.21883910968074305
0.8358247957945686      0.660682980967334
0.2835434109163919      0.32738938683870666
0.43511106063381777      0.11135845385633171
0.3827893179988674      0.15964267361165513
0.5687624772753054      0.11386319601105688
0.7021091954813996      0.296620243448431
0.26875423143446275      0.36092484759309906
0.3456725072213078      0.21070264147378753
0.6102965736862535      0.15148050847528077
0.11061533441912866      0.8579703217080924
0.8881828456990848      0.8525619911786737
0.4296952727410034      0.11507016449322184
0.2089524217981121      0.5191136799143878
0.7001358171713002      0.2926030815892159
0.39487283249618044      0.14602990444615943
0.6960265306906017      0.2843644501230699
0.32762438200918553      0.2405714527311641
0.7422710020719266      0.38694438914351903
0.4130441212441833      0.12834236417647135
0.24962799508113567      0.40757908524603115
0.7440171315928005      0.391241935212026
0.577230942240391      0.12011535661019554
0.6547974767940826      0.21116905507809958
0.31596873196597774      0.26161389363697773
0.6302513960154188      0.17576578152297584
0.5516164743292701      0.10342809628917454
0.6570325525568512      0.21469580474613204
0.4360916966461821      0.1107181325964165
0.30245153240300393      0.2877398225587525
0.8991011790584844      0.8960727782045659
0.6229951442544723      0.16646830965917694
0.7892943680436496      0.5134570219243174
0.5852908689032311      0.12674037332067659
0.6551930118881539      0.21178949026299607
0.5854037752423451      0.1268378508427886
0.8907215220720104      0.8625711967575652
0.29640575172624195      0.30002386957706906
0.2965194838136621      0.2997893686036447
0.3630537346382833      0.1850553111039006
0.27056137032721317      0.35670825972768405
0.7928439502804182      0.5239157564555855
0.4032726148992869      0.13743817770081185
0.22894751834053706      0.4621924842851456
0.3526255343141347      0.20007581575512845
0.7091206150419236      0.3112121794455478
0.6940304216462357      0.28042419090784554
0.3729203561808785      0.17185750244556658
0.5948347478271303      0.13543577389485728
0.45193126273371464      0.10172434218183106
0.7234505605309097      0.34258354690032633
0.7523113845623619      0.41207724810922
0.2964792638088855      0.299872282124202
0.7329137648176985      0.3644405313315001
0.7941099896117073      0.527676969929647
0.6648531065583734      0.227434093317771
0.605076059439895      0.1457924911314766
0.6566548828822306      0.21409632418357386
0.7696259572698145      0.4578167104832138
0.22808558276790702      0.46456271006056815
0.8886126591757526      0.8542520219063656
0.3129709012576133      0.2672484137361453
0.6813187042794329      0.2562782219136937
0.4144779294168961      0.1270890456369029
0.8822314289566537      0.8293532409068383
0.6368275125592924      0.18465233559288102
0.5960075102903873      0.13656790598516272
0.16063868019659983      0.6733602410377922
0.2527186391956906      0.39978921859922767
0.12915352997501187      0.7866003755847635
0.4427332726232148      0.10663771861484367
0.5813376031269996      0.12340871238450944
0.1829773662985496      0.5991039287423169
0.5549292639802363      0.1052122506328553
0.6453437008522158      0.19681131774306349
0.3707019776654391      0.17473895242081808
0.15892766556556537      0.6792561841546262
0.24516193939961747      0.41900649926429834
0.1491050658631597      0.7136772207121271
0.7224027833809925      0.3402192749414896
0.4111224354815446      0.13005479261020272
0.8319486957941263      0.6475816229191055
0.7761664104250365      0.47588439346363687
0.7098662740388665      0.3127933052625188
0.7274888049322933      0.3517996880844865
0.15784843425364328      0.6829903268945635
0.4292542496948656      0.11538549722465591
0.8298188517320514      0.6404474369546398
0.18294815289178473      0.5991977376933172
0.6180617392390371      0.16045158144398888
0.8138124116568722      0.5883015744066843
0.4025169306433999      0.13818188389845354
0.4226643039876088      0.12033191256274557
0.7402919958040005      0.3821110149875596
0.8495917870134667      0.7084456612773301
0.3417747236206963      0.21687404568970708
0.7677037128701353      0.4525889650121785
0.23914142008291422      0.43473100797663633
0.43135112175740786      0.11390380684268463
0.670578069224494      0.23715165696868393
0.16866943897124925      0.6460833417807372
0.8470966822606568      0.6996468456607458
0.610779646790731      0.15202079103945457
0.4470053233850664      0.10424913316931668
0.1064220334794297      0.874596654633267
0.6646460767057585      0.22708889822332037
0.15197316615378326      0.7035256376253941
0.6227846024369978      0.16620650070041354
0.11574943620526512      0.8378561909826446
0.6425543423145428      0.19274793639862314
0.7399580756857385      0.3812993842125182
0.4095979365164921      0.131439884212936
0.6850613448564391      0.2632174324885863
0.22943746516344155      0.4608485391379181
0.6516730943127368      0.2063238381005246
0.11173603728969986      0.853556914986188
0.6973519121725561      0.2870030016552576
0.12722156632534454      0.7938757831495648
0.11538017236288053      0.8392939664702773
0.5744779077313951      0.11800316158280429
0.14250164169243892      0.737366567202397
0.1113605781625381      0.8550340827764672
0.7831393796187857      0.4956239564245938
0.8976618691385356      0.8902678910480057
0.7178302496174734      0.3300316279378526
0.12437953679778031      0.8046470189822544
0.3314558524964799      0.23395476390252923
0.7851828718431031      0.5015021006849024
0.380517746478258      0.16236682454010565
0.5709820086520737      0.11543162627886557
0.6774039517683687      0.24917167065944934
0.7394808165445316      0.380141311747322
0.6158890303361535      0.15787993837806996
0.18522318630682333      0.591918107464856
0.30616686121511105      0.28037448798303644
0.8484099322151223      0.7042700734041165
0.3322599099612954      0.232585082171199
0.23362231351091603      0.4494683687911786
0.3906837370588818      0.15058172538340614
0.12774386112951777      0.7919051926146097
0.2536588822326984      0.39743855567403374
0.44788715098818754      0.10377909673687102
0.3713137102597609      0.17393939740958464
0.7828407094977655      0.4947683678477145
0.5889974608389309      0.13000789423161696
0.28791585372004436      0.3178987682423142
0.8482256320622609      0.7036202009334717
0.8140790851172518      0.5891490934391673
0.36295859875032355      0.18518736521378729
0.18460938365191315      0.5938769848153262
0.4320775427430018      0.11340088732519181
0.8487453337560541      0.7054536365902803
0.5449639196860776      0.10018090816983084
0.333676135757324      0.23018851471767704
0.6572343132207601      0.2150166542708271
0.7038869304100839      0.30027290071109275
0.7793291435461004      0.48477666444920786
0.6197016294435189      0.16242422904132267
0.682708488336027      0.25883845768784763
0.5890858498397622      0.13008751124412107
0.7254062095634746      0.34702613755710626
0.6200059287637822      0.1627932704085871
0.13987447141905993      0.7469141447959492
0.5654373233314163      0.11160682369262157
0.12484795457676263      0.8028660956371795
0.41598113872434306      0.12579741496874758
0.8780206863340443      0.8131492455691502
0.3539183764299081      0.19815384366837221
0.4143141360021728      0.12723116732798595
0.2587325405255899      0.3849085946608285
0.580915189935895      0.12306207681503645
0.675684781036546      0.24609985380328508
0.35659675116749634      0.19422595506723123
0.7315517777126183      0.36123891201550207
0.2620697506844183      0.3768090958480077
0.1738280982347738      0.6289061632280452
0.23886123898580375      0.4354717282029723
0.7531386664310654      0.4141936005303738
0.6309499410127026      0.17668896448214674
0.7050973263886215      0.30277817589156997
0.6383730804168672      0.1868044729905533
0.6205974376627329      0.16351331017702678
0.3892473949499352      0.15218334645863446
0.72032570879445      0.3355652912012441
0.7310374472105162      0.3600347627195898
0.3124976007839964      0.26814631520280713
0.7747918527451344      0.47205129375017707
0.1976591043599377      0.553052013556646
0.8301255865029072      0.6414720531665923
0.30732573347871567      0.278105717276403
0.6698423413458089      0.23588424623849694
0.7979976627095005      0.5393281062690352
0.886418383158867      0.8456437098169428
0.31188028554351876      0.26932083669142826
0.7333602482305509      0.3654941667467977
0.6255313744178695      0.16965738518084345
0.347591694221156      0.20772049339435628
0.39086206020921743      0.15038434049001737
0.7053305523872759      0.30326261124513154
0.8211856881533347      0.6119999915204842
0.1514306828276826      0.7054393589421432
0.4193108594225847      0.12301783135113954
0.7948857361789318      0.5299896161978216
0.5519273130133461      0.10359077893585701
0.6348376817676484      0.18191719808670945
0.3678609913408216      0.17850187996608669
0.796701520083332      0.5354266337148424
0.25497174569309294      0.39417129608868773
0.8481888801589913      0.7034906488457561
0.1978885885249347      0.5523495200199972
0.5539072890337938      0.10464999698258207
0.7362521379760838      0.3723674815067096
0.4471821820787457      0.10415423176054196
0.15501733352871044      0.6928419913605857
0.2679610189767223      0.36278608914033106
0.385814502887166      0.15609588930829219
0.7046253558849654      0.30179952776932195
0.2900905596468957      0.3132505408622091
0.30533212961112144      0.28201710090570326
0.36565215765647197      0.18148398545192426
0.26467236865297417      0.3705707407760669
0.11017276353458434      0.8597166998297954
0.8213965848087812      0.6126859316557427
0.881222679224883      0.8254549651530311
0.4134958659834421      0.12794523951191006
0.5981981290967825      0.1387199340435625
0.435170795071827      0.1113191708320184
0.3192805249670838      0.255495067566661
0.18419454226863283      0.5952030616814578
0.8061933189311863      0.5643914128213046
0.16836949143353014      0.6470903893736272
0.25474726650217117      0.3947287095788411
0.6654632064842194      0.2284538788716537
0.8312783214144653      0.6453311643696857
0.45265395409290565      0.1013745946890922
0.42199839456621835      0.1208562072771404
0.61447406581842      0.1562308719557297
0.5678972006393689      0.11326526299255421
0.6771667712401771      0.24874609650944185
0.5567134350283324      0.10621918542242154
0.348837946214673      0.2058039651874748
0.24413104984742773      0.4216729539123718
0.6327528841274754      0.17909453181802093
0.4258691266854109      0.11787144505804673
0.7460413458735655      0.39626253943369927
0.7275620027298757      0.3519682648709169
0.8288035711194749      0.6370627912189059
0.5638556466238759      0.11057282826587984
0.7876581193250597      0.5086788262995536
0.569437816489936      0.11433514406649757
0.26605408888734344      0.36728669397070346
0.3329567970479854      0.23140325695318303
0.42166869733017565      0.12111745181459134
0.6972103177523981      0.2867202687577747
0.7163067715098868      0.326684325165026
0.37724654942396607      0.1663815615525877
0.24745573329478687      0.41311208126617804
0.7519167192868531      0.4110700570888106
0.6900584049073937      0.2727035691801859
0.119457862539483      0.8234935249346346
0.6873367064190133      0.26750549631496423
0.694028932361267      0.2804212661663664
0.3296281098282682      0.23709260907387864
0.1712425571798313      0.637481751806553
0.34938360032323384      0.20496979031693416
0.4346824726412942      0.1116413648366579
0.5601141884952717      0.1082277461077225
0.431181324029015      0.11402213254005901
0.5742623472842728      0.11784101820908924
0.6002393323575528      0.14076891256238883
0.14955958495948243      0.7120629053890449
0.7312513238842185      0.36053516491182924
0.426750980358261      0.11721265769644888
0.3303537834816437      0.2358427327931351
0.2508182662637488      0.4045675937562223
0.3613072378652811      0.18749415159482008
0.12985493415942884      0.7839683724190688
0.27114644621029094      0.3553501914335939
0.40756248825174957      0.13332588812207333
0.2346415594119653      0.44672351255085885
0.7354825422095754      0.37053007119554804
0.6922723370857977      0.27698720132553756
0.6355318462229262      0.18286681362867802
0.3113581653651465      0.2703172494185463
0.44564903913655673      0.10498743568145603
0.6491053804002627      0.20241588780850955
0.8361607855596133      0.6618258037024711
0.8186150649832963      0.603675256069117
0.6036357921815811      0.1442718167415378
0.6539947097808303      0.20991470744943747
0.6523027703287922      0.20729237129885472
0.7313253043943653      0.3607083631805048
0.45153284548632133      0.10191941823007764
0.3150877832851331      0.2632602235465489
0.8053529388860118      0.5617901338738285
0.14583517705405527      0.7253525423907433
0.599932607104217      0.14045832541189943
0.6687144585409519      0.2339519269728142
0.8422833546218088      0.6828510801922054
0.795644963848875      0.5322589168709947
0.29447361531289784      0.3040277003229994
0.16667094413291592      0.6528102995931878
0.6901126715301941      0.2728079737224793
0.5477614024615369      0.10149179013613428
0.29280364746945914      0.3075187132211079
0.24060162592480616      0.43088349994097974
0.7023932988312409      0.29720183341722584
0.7908961362357952      0.5181607863290986
0.6706058430029158      0.23719960917320693
0.4067625433900637      0.13407858392823455
0.5579962260223356      0.10696307477621267
0.23499640897039276      0.44577036196224573
0.11458704908016404      0.8423867599335548
0.4401617620478929      0.10816459879865459
0.2407692484860865      0.4304432113970892
0.34270555114074397      0.21538627361818397
0.3689091595366676      0.1771040518282483
0.7448766246801491      0.3933686444220642
0.8318954839608187      0.6474028235922714
0.2008991325709204      0.5431830723612232
0.42925535910664725      0.11538470152112754
0.6446111261692693      0.19573651536554168
0.196403879621041      0.5569039245305073
0.7770062957660767      0.47823591919495867
0.6064549078660715      0.14726799818210262
0.33457459646796617      0.22867864956663256
0.75415302405111      0.4167979881354851
0.26566091600034203      0.3682192121148786
0.162179879098715      0.6680748388400175
0.40721828217725775      0.13364896931456133
0.8593725294907627      0.7435446714116228
0.10315007088549055      0.8876935722001643
0.3029186649029887      0.28680608848605044
0.27591513854271843      0.34441044266552795
0.8865324210483412      0.8460898880864691
0.33717695849799634      0.22435150017649744
0.14665853915285948      0.7224024830636705
0.6665271795564475      0.2302413339897559
0.3228634462486115      0.24900037965143001
0.29620188996635366      0.30044453417448047
0.6158875424995028      0.15787819373551815
0.3048084109032039      0.2830512942099449
0.39867733964256635      0.14204994568631393
0.13781903615552926      0.7544326713176834
0.621987113509263      0.16521889250364813
0.6165677739262884      0.15867817310739032
0.3357829418347605      0.2266609115996049
0.4324659632840109      0.11313416641382136
0.44112294921515116      0.10758604025302927
0.20544814812884873      0.5295064233823374
0.6050570175722179      0.14577224917819637
0.1323355913169615      0.7746997281053861
0.703238318046681      0.29893650892393636
0.7602700396404173      0.43272443275102523
0.22380359509452485      0.47644921176316457
0.7739088997987308      0.4695991777815599
